0.8607348055120155
0.7479299979767481
0.6565581038731817
0.5825468696492928
0.5225977699279428
0.4740389991536494
0.4347063948264716
0.40284698532145774
0.37704086362239636
0.35613790504615667
0.33920650859940266
0.3254920774775318
0.3143833882688163
0.3053853500097569
0.29809693901991885
0.2921933261181498
0.28741139966771695
0.2835380392428664
0.2804006172987375
0.277859305523993
0.27580084298644997
0.2741334883310401
0.2727829310601582
0.2716889796707438
0.270802879045318
0.2700851375387234
0.26950376691838157
0.26903285671590477
0.2686514194518984
0.26834245526805345
0.2680921942791389
0.26788948287811826
0.26772528664329137
0.2675922876930817
0.2674845585434118
0.2673972979321792
0.26732661683708087
0.2672693651500511
0.26722299128355703
0.26718542845169685
0.2671550025578901
0.2671303575839066
0.26711039515498
0.2670942255875495
0.2670811282379307
0.2670705193847395
0.26706192621365465
0.267054965745076
0.2670493277655272
0.26704476100209257
0.26704106192371074
0.2670380656702213
0.26703563870489494
0.2670336728629806
0.26703208053102995
0.2670307907421498
0.26702974601315693
0.2670288997826729
0.2670282143359806
0.26702765912416
0.26702720940258523
0.26702684512810965
0.2670265500657846
0.26702631106530117
0.26702611747490956
0.26702596066669243
0.2670258336520364
0.2670257307701653
0.26702564743584944
0.26702557993505366
0.26702552525940915
0.2670254809721371
0.2670254450994467
0.26702541604256746
0.26702539250649526
0.2670253734422767
0.2670253580002598
0.26702534549222623
0.2670253353607189
0.26702532715419797
0.2670253205069159
0.2670253151226175
0.2670253107613359
0.2670253072286978
0.2670253043672608
0.26702530204949687
0.26702530017210807
0.26702529865142316
0.26702529741966846
0.26702529642194717
0.2670252956137928
0.26702529495918775
0.26702529442895784
0.2670252939994715
0.2670252936515875
0.2670252933698016
0.2670252931415548
0.2670252929566751
0.2670252928069225
0.26702529268562286
0.2670252925873701
0.26702529250778556
0.2670252924433219
0.26702529239110634
0.2670252923488119
0.2670252923145533
0.2670252922868037
0.26702529226432675
0.2670252922461203
0.2670252922313731
0.2670252922194278
0.2670252922097522
0.267025292201915
0.26702529219556675
0.26702529219042476
0.26702529218625964
0.267025292182886
0.26702529218015336
0.26702529217793985
0.26702529217614696
0.2670252921746947
0.2670252921735183
0.26702529217256554
0.26702529217179377
0.26702529217116855
0.2670252921706622
0.26702529217025206
0.2670252921699198
0.2670252921696507
0.26702529216943266
0.2670252921692562
0.26702529216911314
0.2670252921689973
0.2670252921689034
0.2670252921688275
0.26702529216876586
0.267025292168716
0.2670252921686757
0.26702529216864296
0.26702529216861637
0.2670252921685949
0.2670252921685775
0.2670252921685634
0.2670252921685521
0.26702529216854287
0.2670252921685353
0.2670252921685294
0.2670252921685244
0.26702529216852033
0.2670252921685171
0.2670252921685146
0.2670252921685124
0.26702529216851073
0.2670252921685093
0.2670252921685082
0.26702529216850734
0.2670252921685065
0.26702529216850596
0.26702529216850546
0.26702529216850507
0.26702529216850485
0.2670252921685045
0.2670252921685043
0.2670252921685042
0.267025292168504
0.2670252921685039
0.26702529216850385
0.26702529216850374
0.2670252921685036
0.2670252921685036
0.2670252921685036
0.26702529216850346
0.2670252921685036
0.2670252921685035
0.26702529216850357
0.2670252921685034
0.2670252921685035
0.2670252921685034
0.26702529216850346
0.26702529216850346
0.2670252921685034
0.26702529216850346
0.26702529216850346
0.26702529216850346
0.2670252921685035
0.2670252921685034
0.2670252921685034
0.2670252921685034
0.2670252921685034
0.2670252921685034
0.2670252921685034
0.2670252921685034
0.2670252921685034
0.26702529216850346
0.26702529216850346
0.26702529216850346
0.26702529216850346
0.2670252921685034
0.2670252921685034
0.26702529216850346
0.2670252921685034
0.26702529216850346
0.2670252921685034
0.2670252921685034
0.2670252921685034
0.2670252921685034
0.26702529216850346
0.2670252921685034
0.2670252921685034
0.2670252921685034
0.26702529216850346
0.26702529216850346
0.2670252921685034
0.2670252921685033
0.2670252921685034
0.2670252921685035
0.26702529216850346
0.26702529216850346
0.2670252921685034
0.2670252921685035
0.26702529216850346
0.26702529216850346
0.26702529216850346
0.2670252921685034
0.2670252921685034
0.2670252921685034
0.2670252921685034
0.2670252921685034
0.2670252921685034
0.26702529216850346
0.2670252921685034
0.26702529216850346
0.26702529216850335
0.26702529216850335
0.2670252921685034
0.26702529216850335
0.26702529216850346
0.2670252921685034
0.2670252921685034
0.2670252921685034
0.2670252921685034
0.2670252921685035
0.26702529216850346
0.2670252921685034
0.2670252921685034
0.26702529216850346
0.26702529216850346
0.26702529216850346
0.2670252921685034
0.26702529216850346
0.2670252921685034
0.2670252921685035
0.2670252921685034
0.2670252921685034
0.2670252921685034
0.2670252921685035
0.2670252921685034
0.26702529216850346
0.26702529216850346
0.2670252921685035
0.26702529216850335
0.26702529216850346
0.2670252921685034
0.2670252921685033
0.26702529216850346
0.26702529216850346
0.2670252921685034
0.2670252921685034
0.26702529216850346
0.2670252921685034
0.2670252921685034
0.2670252921685035
0.26702529216850346
0.26702529216850346
0.2670252921685034
0.26702529216850346
0.2670252921685034
0.26702529216850335
0.26702529216850346
0.26702529216850346
0.26702529216850346
0.2670252921685034
0.2670252921685034
0.2670252921685035
0.2670252921685034
0.2670252921685034
0.2670252921685034
0.2670252921685035
0.26702529216850335
0.2670252921685034
0.26702529216850346
0.2670252921685034
0.2670252921685034
0.2670252921685034
0.2670252921685034
0.26702529216850346
0.2670252921685034
0.2670252921685035
0.2670252921685035
0.2670252921685034
0.2670252921685034
0.26702529216850346
0.2670252921685034
0.26702529216850346
0.2670252921685034
0.2670252921685034
0.2670252921685034
0.2670252921685034
0.2670252921685034
0.2670252921685034
0.26702529216850346
0.26702529216850346
0.26702529216850346
0.26702529216850346
0.2670252921685035
0.2670252921685035
0.26702529216850346
0.26702529216850346
0.26702529216850346
0.2670252921685034
0.2670252921685034
0.2670252921685033
0.2670252921685033
0.2670252921685034
0.2670252921685034
0.26702529216850346
0.26702529216850346
0.2670252921685034
0.26702529216850335
0.2670252921685034
0.2670252921685034
0.2670252921685034
0.2670252921685034
0.2670252921685034
0.2670252921685034
0.2670252921685034
0.2670252921685034
0.2670252921685034
0.2670252921685034
0.2670252921685034
0.2670252921685034
0.2670252921685034
0.2670252921685034
0.2670252921685034
0.2670252921685034
0.2670252921685034
0.2670252921685034
0.2670252921685034
0.2670252921685034
0.2670252921685034
0.2670252921685034
0.2670252921685034
0.2670252921685034
0.2670252921685034
0.2670252921685034
0.2670252921685034
0.2670252921685034
0.2670252921685034
0.2670252921685034
0.2670252921685034
0.2670252921685034
0.2670252921685034
0.2670252921685034
0.2670252921685034
0.2670252921685034
0.2670252921685034
0.2670252921685034
0.2670252921685034
0.2670252921685034
0.2670252921685034
0.2670252921685034
0.2670252921685034
0.2670252921685034
0.2670252921685034
0.2670252921685034
0.2670252921685034
0.2670252921685034
0.2670252921685034
0.2670252921685034
0.2670252921685034
0.2670252921685034
0.2670252921685034
0.2670252921685034
0.2670252921685034
0.2670252921685034
0.2670252921685034
0.2670252921685034
0.2670252921685034
0.2670252921685034
0.2670252921685034
0.2670252921685034
0.2670252921685034
0.2670252921685034
0.2670252921685034
0.2670252921685034
0.2670252921685034
0.2670252921685034
0.2670252921685034
0.2670252921685034
0.2670252921685034
0.2670252921685034
0.2670252921685034
0.2670252921685034
0.2670252921685034
0.2670252921685034
0.2670252921685034
0.2670252921685034
0.2670252921685034
0.2670252921685034
0.2670252921685034
0.2670252921685034
0.2670252921685034
0.2670252921685034
0.2670252921685034
0.2670252921685034
0.2670252921685034
0.2670252921685034
0.2670252921685034
0.2670252921685034
0.2670252921685034
0.2670252921685034
0.2670252921685034
0.2670252921685034
0.2670252921685034
0.2670252921685034
0.2670252921685034
0.2670252921685034
0.2670252921685034
0.2670252921685034
0.2670252921685034
0.2670252921685034
0.2670252921685034
0.2670252921685034
0.2670252921685034
0.2670252921685034
0.2670252921685034
0.2670252921685034
0.2670252921685034
0.2670252921685034
0.2670252921685034
0.2670252921685034
0.2670252921685034
0.2670252921685034
0.2670252921685034
0.2670252921685034
0.2670252921685034
0.2670252921685034
0.2670252921685034
0.2670252921685034
0.2670252921685034
0.2670252921685034
0.2670252921685034
0.2670252921685034
0.2670252921685034
0.2670252921685034
0.2670252921685034
0.2670252921685034
0.2670252921685034
0.2670252921685034
0.2670252921685034
0.2670252921685034
0.2670252921685034
0.2670252921685034
0.2670252921685034
0.2670252921685034
0.2670252921685034
0.2670252921685034
0.2670252921685034
0.2670252921685034
0.2670252921685034
0.2670252921685034
0.2670252921685034
0.2670252921685034
0.2670252921685034
0.2670252921685034
0.2670252921685034
0.2670252921685034
0.2670252921685034
0.2670252921685034
0.2670252921685034
0.2670252921685034
0.2670252921685034
0.2670252921685034
0.2670252921685034
0.2670252921685034
0.2670252921685034
0.2670252921685034
0.2670252921685034
0.2670252921685034
0.2670252921685034
0.2670252921685034
0.2670252921685034
0.2670252921685034
0.2670252921685034
0.2670252921685034
0.2670252921685034
0.2670252921685034
0.2670252921685034
0.2670252921685034
0.2670252921685034
0.2670252921685034
0.2670252921685034
0.2670252921685034
0.2670252921685034
0.2670252921685034
0.2670252921685034
0.2670252921685034
0.2670252921685034
0.2670252921685034
0.2670252921685034
0.2670252921685034
0.2670252921685034
0.2670252921685034
0.2670252921685034
0.2670252921685034
0.2670252921685034
0.2670252921685034
0.2670252921685034
0.2670252921685034
0.2670252921685034
0.2670252921685034
0.2670252921685034
0.2670252921685034
0.2670252921685034
0.2670252921685034
0.2670252921685034
0.2670252921685034
0.2670252921685034
0.2670252921685034
0.2670252921685034
0.2670252921685034
0.2670252921685034
0.2670252921685034
0.2670252921685034
0.2670252921685034
0.2670252921685034
0.2670252921685034
0.2670252921685034
0.2670252921685034
0.2670252921685034
0.2670252921685034
0.2670252921685034
0.2670252921685034
0.2670252921685034
0.2670252921685034
0.2670252921685034
0.2670252921685034
0.2670252921685034
0.2670252921685034
0.2670252921685034
0.2670252921685034
0.2670252921685034
0.2670252921685034
0.2670252921685034
0.2670252921685034
0.2670252921685034
0.2670252921685034
0.2670252921685034
0.2670252921685034
0.2670252921685034
0.2670252921685034
0.2670252921685034
0.2670252921685034
0.2670252921685034
0.2670252921685034
0.2670252921685034
0.2670252921685034
0.2670252921685034
0.2670252921685034
0.2670252921685034
0.2670252921685034
0.2670252921685034
0.2670252921685034
0.2670252921685034
0.2670252921685034
0.2670252921685034
0.2670252921685034
0.2670252921685034
0.2670252921685034
0.2670252921685034
0.2670252921685034
0.2670252921685034
0.2670252921685034
0.2670252921685034
0.2670252921685034
0.2670252921685034
0.2670252921685034
0.2670252921685034
0.2670252921685034
0.2670252921685034
0.2670252921685034
0.2670252921685034
0.2670252921685034
0.2670252921685034
0.2670252921685034
0.2670252921685034
0.2670252921685034
0.2670252921685034
0.2670252921685034
0.2670252921685034
0.2670252921685034
0.2670252921685034
0.2670252921685034
0.2670252921685034
0.2670252921685034
0.2670252921685034
0.2670252921685034
0.2670252921685034
0.2670252921685034
0.2670252921685034
0.2670252921685034
0.2670252921685034
0.2670252921685034
0.2670252921685034
0.2670252921685034
0.2670252921685034
0.2670252921685034
0.2670252921685034
0.2670252921685034
0.2670252921685034
0.2670252921685034
0.2670252921685034
0.2670252921685034
0.2670252921685034
0.2670252921685034
0.2670252921685034
0.2670252921685034
0.2670252921685034
0.2670252921685034
0.2670252921685034
0.2670252921685034
0.2670252921685034
0.2670252921685034
0.2670252921685034
0.2670252921685034
0.2670252921685034
0.2670252921685034
0.2670252921685034
0.2670252921685034
0.2670252921685034
0.2670252921685034
0.2670252921685034
0.2670252921685034
0.2670252921685034
0.2670252921685034
0.2670252921685034
0.2670252921685034
0.2670252921685034
0.2670252921685034
0.2670252921685034
0.2670252921685034
0.2670252921685034
0.2670252921685034
0.2670252921685034
0.2670252921685034
0.2670252921685034
0.2670252921685034
0.2670252921685034
0.2670252921685034
0.2670252921685034
0.2670252921685034
0.2670252921685034
0.2670252921685034
0.2670252921685034
0.2670252921685034
0.2670252921685034
0.2670252921685034
0.2670252921685034
0.2670252921685034
0.2670252921685034
0.2670252921685034
0.2670252921685034
0.2670252921685034
0.2670252921685034
0.2670252921685034
0.2670252921685034
0.2670252921685034
0.2670252921685034
0.2670252921685034
0.2670252921685034
0.2670252921685034
0.2670252921685034
0.2670252921685034
0.2670252921685034
0.2670252921685034
0.2670252921685034
0.2670252921685034
0.2670252921685034
0.2670252921685034
0.2670252921685034
0.2670252921685034
0.2670252921685034
0.2670252921685034
0.2670252921685034
0.2670252921685034
0.2670252921685034
0.2670252921685034
0.2670252921685034
0.2670252921685034
0.2670252921685034
0.2670252921685034
0.2670252921685034
0.2670252921685034
0.2670252921685034
0.2670252921685034
0.2670252921685034
0.2670252921685034
0.2670252921685034
0.2670252921685034
0.2670252921685034
0.2670252921685034
0.2670252921685034
0.2670252921685034
0.2670252921685034
0.2670252921685034
0.2670252921685034
0.2670252921685034
0.2670252921685034
0.2670252921685034
0.2670252921685034
0.2670252921685034
0.2670252921685034
0.2670252921685034
0.2670252921685034
0.2670252921685034
0.2670252921685034
0.2670252921685034
0.2670252921685034
0.2670252921685034
0.2670252921685034
0.2670252921685034
0.2670252921685034
0.2670252921685034
0.2670252921685034
0.2670252921685034
0.2670252921685034
0.2670252921685034
0.2670252921685034
0.2670252921685034
0.2670252921685034
0.2670252921685034
0.2670252921685034
0.2670252921685034
0.2670252921685034
0.2670252921685034
0.2670252921685034
0.2670252921685034
0.2670252921685034
0.2670252921685034
0.2670252921685034
0.2670252921685034
0.2670252921685034
0.2670252921685034
0.2670252921685034
0.2670252921685034
0.2670252921685034
0.2670252921685034
0.2670252921685034
0.2670252921685034
0.2670252921685034
0.2670252921685034
0.2670252921685034
0.2670252921685034
0.2670252921685034
0.2670252921685034
0.2670252921685034
0.2670252921685034
0.2670252921685034
0.2670252921685034
0.2670252921685034
0.2670252921685034
0.2670252921685034
0.2670252921685034
0.2670252921685034
0.2670252921685034
0.2670252921685034
0.2670252921685034
0.2670252921685034
0.2670252921685034
0.2670252921685034
0.2670252921685034
0.2670252921685034
0.2670252921685034
0.2670252921685034
0.2670252921685034
0.2670252921685034
0.2670252921685034
0.2670252921685034
0.2670252921685034
0.2670252921685034
0.2670252921685034
0.2670252921685034
0.2670252921685034
0.2670252921685034
0.2670252921685034
0.2670252921685034
0.2670252921685034
0.2670252921685034
0.2670252921685034
0.2670252921685034
0.2670252921685034
0.2670252921685034
0.2670252921685034
0.2670252921685034
0.2670252921685034
0.2670252921685034
0.2670252921685034
0.2670252921685034
0.2670252921685034
0.2670252921685034
0.2670252921685034
0.2670252921685034
0.2670252921685034
0.2670252921685034
0.2670252921685034
0.2670252921685034
0.2670252921685034
0.2670252921685034
0.2670252921685034
0.2670252921685034
0.2670252921685034
0.2670252921685034
0.2670252921685034
0.2670252921685034
0.2670252921685034
0.2670252921685034
0.2670252921685034
0.2670252921685034
0.2670252921685034
0.2670252921685034
0.2670252921685034
0.2670252921685034
0.2670252921685034
0.2670252921685034
0.2670252921685034
0.2670252921685034
0.2670252921685034
0.2670252921685034
0.2670252921685034
0.2670252921685034
0.2670252921685034
0.2670252921685034
0.2670252921685034
0.2670252921685034
0.2670252921685034
0.2670252921685034
0.2670252921685034
0.2670252921685034
0.2670252921685034
0.2670252921685034
0.2670252921685034
0.2670252921685034
0.2670252921685034
0.2670252921685034
0.2670252921685034
0.2670252921685034
0.2670252921685034
0.2670252921685034
0.2670252921685034
0.2670252921685034
0.2670252921685034
0.2670252921685034
0.2670252921685034
0.2670252921685034
0.2670252921685034
0.2670252921685034
0.2670252921685034
0.2670252921685034
0.2670252921685034
0.2670252921685034
0.2670252921685034
0.2670252921685034
0.2670252921685034
0.2670252921685034
0.2670252921685034
0.2670252921685034
0.2670252921685034
0.2670252921685034
0.2670252921685034
0.2670252921685034
0.2670252921685034
0.2670252921685034
0.2670252921685034
0.2670252921685034
0.2670252921685034
0.2670252921685034
0.2670252921685034
0.2670252921685034
0.2670252921685034
0.2670252921685034
0.2670252921685034
0.2670252921685034
0.2670252921685034
0.2670252921685034
0.2670252921685034
0.2670252921685034
0.2670252921685034
0.2670252921685034
0.2670252921685034
0.2670252921685034
0.2670252921685034
0.2670252921685034
0.2670252921685034
0.2670252921685034
0.2670252921685034
0.2670252921685034
0.2670252921685034
0.2670252921685034
0.2670252921685034
0.2670252921685034
0.2670252921685034
0.2670252921685034
0.2670252921685034
0.2670252921685034
0.2670252921685034
0.2670252921685034
0.2670252921685034
0.2670252921685034
0.2670252921685034
0.2670252921685034
0.2670252921685034
0.2670252921685034
0.2670252921685034
0.2670252921685034
0.2670252921685034
0.2670252921685034
0.2670252921685034
0.2670252921685034
0.2670252921685034
0.2670252921685034
0.2670252921685034
0.2670252921685034
0.2670252921685034
0.2670252921685034
0.2670252921685034
0.2670252921685034
0.2670252921685034
0.2670252921685034
0.2670252921685034
0.2670252921685034
0.2670252921685034
0.2670252921685034
0.2670252921685034
0.2670252921685034
0.2670252921685034
0.2670252921685034
0.2670252921685034
0.2670252921685034
0.2670252921685034
0.2670252921685034
0.2670252921685034
0.2670252921685034
0.2670252921685034
0.2670252921685034
0.2670252921685034
0.2670252921685034
0.2670252921685034
0.2670252921685034
0.2670252921685034
0.2670252921685034
0.2670252921685034
0.2670252921685034
0.2670252921685034
0.2670252921685034
0.2670252921685034
0.2670252921685034
0.2670252921685034
0.2670252921685034
0.2670252921685034
0.2670252921685034
0.2670252921685034
0.2670252921685034
0.2670252921685034
0.2670252921685034
0.2670252921685034
0.2670252921685034
0.2670252921685034
0.2670252921685034
0.2670252921685034
0.2670252921685034
0.2670252921685034
0.2670252921685034
0.2670252921685034
0.2670252921685034
0.2670252921685034
0.2670252921685034
0.2670252921685034
0.2670252921685034
0.2670252921685034
0.2670252921685034
0.2670252921685034
0.2670252921685034
0.2670252921685034
0.2670252921685034
0.2670252921685034
0.2670252921685034
0.2670252921685034
0.2670252921685034
0.2670252921685034
0.2670252921685034
